12
0     5     9999     10      6       7      2      7      3      9       1       3 

9999  0     3        9999    6 	     5      4     9999    5 	 7	 4       9999

9999  9999  0        1       1       4      2     6       7      6       7        5 

9999  9999  9999     0       5       8      3     4       6       2      9999     21

3     9999  62       12      0       13     21    4       5       21     45       19

1     8     4        2       17      0      1     2       5       12     2        1
        
6     7     9999     5       5       4      0     8       2        3     32       12

7     1     45      9999     3       54     8     0       6        1     9999     19

8     6     21      76       21      24     6     2       0        5     9999     9999
      
4     65    1       24       12      31     8     56      6        0     34       12
 
7     9999  42      7        6        1     2     9999    34       91     0      31
  
9999  9999  9999    9999     9999     9999  9999  9999    9999     9999   9999    0                                                                            